- Função empilhar:

Amostras	Tempo de execução(milisegundos)

1000			18
10000			1244
20000			4838
30000			10834
40000			18533
50000			30486
60000			41208
70000			57884
80000			84058
90000			113057
100000			138363

- Função desempilhar:

Amostras	Tempo de execução(milisegundos)

1000			23
10000			1738
20000			6335
30000			13358
40000			21846
50000			36781
60000			43363
70000			66709
80000			88674
90000			108710
100000			137500


- Função ordenar:

Amostras	Tempo de execução(milisegundos)

1000			8
10000			512
20000			2110
30000			4785
40000			8515
50000			13344
60000			19268
70000			26313
80000			34642
90000			43879
100000			53784


- Função procurar:

Amostras	Tempo de execução(milisegundos)

1000			0			
10000			1
20000			3
30000			5
40000			9
50000			9
60000			8
70000			9
80000			21
90000			20
100000			26
