- Função enfileirar:

Amostras	Tempo de execução(milisegundos)

10000			6
20000			6
30000			9
40000			20
50000			27
60000			67
70000			102
80000			143
90000			201
100000			247

- Função desenfileirar:

Amostras	Tempo de execução(milisegundos)

1000			2
10000			5
20000			14
30000			78
40000			134
50000			250
60000			305
70000			340
80000			397
90000			457
100000			512


- Função limparFila:

Amostras	Tempo de execução(milisegundos)

1000000			3
10000000		25
20000000		45
30000000		60
40000000		88
50000000		94
60000000		111
70000000		139
80000000		155
90000000		192

- Função Ordenar:

Amostras	Tempo de execução(milisegundos)

10000			599
20000			2183
30000			4892
40000			8901
50000			13613
60000			19667
70000			27756
80000			35815
90000			45932
100000			56515
